1488 5151
1713 6479
1819 6855
1837 5399
1874 0
1874 6295
1876 5572
1876 6377
1889 5499
1890 5195
1900 6095
1905 6795
1909 0
1909 6575
1918 5389
1918 5572
1918 6649
1938 6849
1940 6529
1944 6189
1945 6695
1950 7395
1951 7299
1956 7129
1967 6229
1967 6229
1971 7499
1985 5348
1989 6692
1989 6692
1989 7609
2004 6669
2008 8249
2010 7295
2015 6488
2017 7099
2024 7295
2024 7349
2028 7799
2037 7999
2040 6338
2050 5118
2081 6938
2094 7738
2109 7198
2120 7053
2122 8358
2128 7957
2128 7957
2140 9258
2145 7126
2145 7689
2169 8058
2190 7775
2191 7609
2191 8558
2204 8238
2209 7975
2212 8195
2221 9980
2236 7895
2240 7603
2254 11595
2261 7775
2264 7995
2265 9298
2275 7788
2275 7898
2275 8495
2280 6918
2289 9095
2290 7463
2290 7898
2293 10345
2300 9538
2300 9995
2302 9549
2304 8845
2319 9495
2324 8949
2326 8948
2328 8499
2337 13950
2337 6785
2340 9960
2365 6989
2370 9959
2372 10295
2380 10945
2380 11845
2385 10595
2385 13645
2385 8845
2385 9233
2395 16430
2395 16925
2403 9279
2403 9279
2405 8189
2410 10245
2410 8495
2414 10898
2414 9988
2420 8013
2425 11245
2443 10795
2455 10198
2458 11248
2460 9895
2465 12945
2480 10698
2500 15645
2507 15250
2510 11259
2535 8921
2535 8921
2536 9639
2540 8449
2548 13495
2548 16500
2551 9989
2563 12290
2579 13845
2579 9295
2650 11694
2658 11850
2661 13295
2670 18280
2679 11199
2695 12170
2700 18344
2707 15040
2710 20970
2714 11549
2734 11048
2756 32528
2756 34028
2758 15510
2765 21105
2778 22018
2800 37028
2808 18150
2811 12964
2818 12764
2823 16500
2824 17450
2833 12629
2844 17710
2847 18620
2910 16503
2912 12940
2921 14869
2926 14489
2935 15985
2952 16845
2954 18920
2975 17669
2976 16558
3012 21485
3016 15998
3020 11900
3034 13415
3042 16515
3045 18420
3049 19045
3053 0
3055 24565
3060 13499
3062 22625
3071 17199
3075 15580
3075 16630
3086 23875
3095 13499
3110 8778
3130 18150
3131 15690
3139 18399
3139 19699
3151 15750
3157 18950
3197 13200
3217 22470
3230 12440
3230 30760
3252 16900
3252 17950
3285 16695
3296 14399
3366 0
3380 41315
3430 13860
3485 17075
3495 28176
3505 36880
3515 25552
3685 35056
3715 45400
3740 34184
3750 28248
3770 31600
3900 40960
3950 36000
4066 32250
4066 35550
